
Days              : 3
Hours             : 6
Minutes           : 13
Seconds           : 58
Milliseconds      : 0
Ticks             : 2816380000000
TotalDays         : 3.25969907407407
TotalHours        : 78.2327777777778
TotalMinutes      : 4693.96666666667
TotalSeconds      : 281638
TotalMilliseconds : 281638000


